100 100 100
84 87
87 93
12 69
23 59
12 43
30 74
16 71
14 27
57 74
63 71
6 26
14 58
25 96
15 68
35 65
44 51
77 79
4 52
55 100
33 61
27 87
35 79
18 93
53 57
2 81
66 90
10 28
7 84
20 25
29 72
4 20
9 16
41 50
19 46
47 52
22 56
80 89
42 51
35 65
44 92
28 66
33 52
59 96
30 38
36 94
19 29
29 30
44 64
14 39
7 41
5 19
29 89
18 97
25 44
71 84
91 100
45 91
6 40
55 87
70 83
43 65
23 29
47 69
21 37
23 66
9 17
25 38
1 37
53 100
69 72
34 95
61 64
60 74
14 69
91 96
27 67
46 57
49 73
43 88
14 73
22 56
20 100
41 68
6 29
28 51
21 25
23 70
31 85
26 86
23 100
41 43
25 91
10 82
20 37
33 56
74 77
51 56
80 85
22 68
5 14
